User requested autodetect filesystem. Checking device . . .
Found xia_fs on device

0x0000DC00  1A 00 00 00 0C 00 01 2E : 00 00 00 00 01 00 00 00  ................
0x0000DC10  0C 00 02 2E 2E 00 00 00 : 1B 00 00 00 10 00 05 74  ...............t
0x0000DC20  65 73 74 64 00 00 00 00 : 1C 00 00 00 10 00 07 6F  estd...........o
0x0000DC30  6E 65 63 68 61 72 00 00 : 1D 00 00 00 10 00 08 74  nechar.........t
0x0000DC40  77 6F 63 68 61 72 73 00 : 1E 00 00 00 B8 03 09 7A  wochars........z
0x0000DC50  65 72 6F 63 68 61 72 73 : 00 00 00 00 00 00 00 00  erochars........
0x0000DC60  00 00 00 00 00 00 00 00 : 00 00 00 00 00 00 00 00  ................
0x0000DC70  00 00 00 00 00 00 00 00 : 00 00 00 00 00 00 00 00  ................
0x0000DC80  00 00 00 00 00 00 00 00 : 00 00 00 00 00 00 00 00  ................
0x0000DC90  00 00 00 00 00 00 00 00 : 00 00 00 00 00 00 00 00  ................
0x0000DCA0  00 00 00 00 00 00 00 00 : 00 00 00 00 00 00 00 00  ................
0x0000DCB0  00 00 00 00 00 00 00 00 : 00 00 00 00 00 00 00 00  ................
0x0000DCC0  00 00 00 00 00 00 00 00 : 00 00 00 00 00 00 00 00  ................
0x0000DCD0  00 00 00 00 00 00 00 00 : 00 00 00 00 00 00 00 00  ................
0x0000DCE0  00 00 00 00 00 00 00 00 : 00 00 00 00 00 00 00 00  ................
0x0000DCF0  00 00 00 00 00 00 00 00 : 00 00 00 00 00 00 00 00  ................
0x0000DD00  00 00 00 00 00 00 00 00 : 00 00 00 00 00 00 00 00  ................
0x0000DD10  00 00 00 00 00 00 00 00 : 00 00 00 00 00 00 00 00  ................
0x0000DD20  00 00 00 00 00 00 00 00 : 00 00 00 00 00 00 00 00  ................
0x0000DD30  00 00 00 00 00 00 00 00 : 00 00 00 00 00 00 00 00  ................
0x0000DD40  00 00 00 00 00 00 00 00 : 00 00 00 00 00 00 00 00  ................
0x0000DD50  00 00 00 00 00 00 00 00 : 00 00 00 00 00 00 00 00  ................
0x0000DD60  00 00 00 00 00 00 00 00 : 00 00 00 00 00 00 00 00  ................
0x0000DD70  00 00 00 00 00 00 00 00 : 00 00 00 00 00 00 00 00  ................
0x0000DD80  00 00 00 00 00 00 00 00 : 00 00 00 00 00 00 00 00  ................
0x0000DD90  00 00 00 00 00 00 00 00 : 00 00 00 00 00 00 00 00  ................
0x0000DDA0  00 00 00 00 00 00 00 00 : 00 00 00 00 00 00 00 00  ................
0x0000DDB0  00 00 00 00 00 00 00 00 : 00 00 00 00 00 00 00 00  ................
0x0000DDC0  00 00 00 00 00 00 00 00 : 00 00 00 00 00 00 00 00  ................
0x0000DDD0  00 00 00 00 00 00 00 00 : 00 00 00 00 00 00 00 00  ................
0x0000DDE0  00 00 00 00 00 00 00 00 : 00 00 00 00 00 00 00 00  ................
0x0000DDF0  00 00 00 00 00 00 00 00 : 00 00 00 00 00 00 00 00  ................
0x0000DE00  00 00 00 00 00 00 00 00 : 00 00 00 00 00 00 00 00  ................
0x0000DE10  00 00 00 00 00 00 00 00 : 00 00 00 00 00 00 00 00  ................
0x0000DE20  00 00 00 00 00 00 00 00 : 00 00 00 00 00 00 00 00  ................
0x0000DE30  00 00 00 00 00 00 00 00 : 00 00 00 00 00 00 00 00  ................
0x0000DE40  00 00 00 00 00 00 00 00 : 00 00 00 00 00 00 00 00  ................
0x0000DE50  00 00 00 00 00 00 00 00 : 00 00 00 00 00 00 00 00  ................
0x0000DE60  00 00 00 00 00 00 00 00 : 00 00 00 00 00 00 00 00  ................
0x0000DE70  00 00 00 00 00 00 00 00 : 00 00 00 00 00 00 00 00  ................
0x0000DE80  00 00 00 00 00 00 00 00 : 00 00 00 00 00 00 00 00  ................
0x0000DE90  00 00 00 00 00 00 00 00 : 00 00 00 00 00 00 00 00  ................
0x0000DEA0  00 00 00 00 00 00 00 00 : 00 00 00 00 00 00 00 00  ................
0x0000DEB0  00 00 00 00 00 00 00 00 : 00 00 00 00 00 00 00 00  ................
0x0000DEC0  00 00 00 00 00 00 00 00 : 00 00 00 00 00 00 00 00  ................
0x0000DED0  00 00 00 00 00 00 00 00 : 00 00 00 00 00 00 00 00  ................
0x0000DEE0  00 00 00 00 00 00 00 00 : 00 00 00 00 00 00 00 00  ................
0x0000DEF0  00 00 00 00 00 00 00 00 : 00 00 00 00 00 00 00 00  ................
0x0000DF00  00 00 00 00 00 00 00 00 : 00 00 00 00 00 00 00 00  ................
0x0000DF10  00 00 00 00 00 00 00 00 : 00 00 00 00 00 00 00 00  ................
0x0000DF20  00 00 00 00 00 00 00 00 : 00 00 00 00 00 00 00 00  ................
0x0000DF30  00 00 00 00 00 00 00 00 : 00 00 00 00 00 00 00 00  ................
0x0000DF40  00 00 00 00 00 00 00 00 : 00 00 00 00 00 00 00 00  ................
0x0000DF50  00 00 00 00 00 00 00 00 : 00 00 00 00 00 00 00 00  ................
0x0000DF60  00 00 00 00 00 00 00 00 : 00 00 00 00 00 00 00 00  ................
0x0000DF70  00 00 00 00 00 00 00 00 : 00 00 00 00 00 00 00 00  ................
0x0000DF80  00 00 00 00 00 00 00 00 : 00 00 00 00 00 00 00 00  ................
0x0000DF90  00 00 00 00 00 00 00 00 : 00 00 00 00 00 00 00 00  ................
0x0000DFA0  00 00 00 00 00 00 00 00 : 00 00 00 00 00 00 00 00  ................
0x0000DFB0  00 00 00 00 00 00 00 00 : 00 00 00 00 00 00 00 00  ................
0x0000DFC0  00 00 00 00 00 00 00 00 : 00 00 00 00 00 00 00 00  ................
0x0000DFD0  00 00 00 00 00 00 00 00 : 00 00 00 00 00 00 00 00  ................
0x0000DFE0  00 00 00 00 00 00 00 00 : 00 00 00 00 00 00 00 00  ................
0x0000DFF0  00 00 00 00 00 00 00 00 : 00 00 00 00 00 00 00 00  ................
